776
377
75
854
30
388
295
584
530
875
288
375
52
516
392
545
643
29
273
894
821
444
791
639
791
263
122
632
451
204
114
844
481
697
748
335
482
328
31
887
484
821
273
483
55
305
191
88
160
325
899
843
430
590
82
680
276
264
715
552
489
846
50
625
395
159
120
511
471
789
150
965
380
456
8
2
891
839
875
837
578
337
924
527
226
192
852
997
27
831
637
522
562
647
410
705
625
70
460
208
842
986
990
52
83
282
296
69
130
733
402
283
527
99
197
322
793
998
530
517
82
124
871
583
801
788
285
392
307
192
14
170
115
864
822
698
80
756
399
795
365
205
5
285
648
199
754
56
182
691
